1      132446.3    540523.45    3944276.28    
2      132446.5    540523.22    3944275.41    
3      132446.8    540523.44    3944276.27    
4      132447.0    540523.00    3944274.55    
5      132448.0    540522.43    3944272.83    
6      132448.5    540522.17    3944271.99    
7      132449.0    540521.90    3944271.16    
8      132449.5    540521.63    3944270.29    
9      132450.0    540521.36    3944269.43    
10     132450.5    540521.10    3944268.53    
11     132451.0    540520.84    3944267.63    
12     132451.5    540520.58    3944266.74    
13     132452.0    540520.32    3944265.84    
14     132452.5    540520.09    3944264.97    
15     132453.0    540519.87    3944264.09    
16     132453.5    540519.65    3944263.23    
17     132454.0    540519.43    3944262.38    
18     132454.5    540519.15    3944261.57    
19     132455.3    540518.87    3944260.76    
20     132455.5    540518.62    3944259.91    
21     132455.8    540518.87    3944260.75    
22     132456.0    540518.37    3944259.07    
23     132457.0    540517.80    3944257.39    
24     132457.5    540517.51    3944256.50    
25     132458.0    540517.22    3944255.61    
26     132458.5    540516.81    3944254.77    
27     132459.0    540516.40    3944253.94    
28     132459.5    540516.09    3944253.09    
29     132500.0    540515.77    3944252.24    
30     132500.5    540515.42    3944251.40    
31     132501.0    540515.07    3944250.56    
32     132501.5    540514.77    3944249.68    
33     132502.0    540514.47    3944248.80    
34     132502.5    540514.14    3944247.96    
35     132503.0    540513.81    3944247.13    
36     132503.5    540513.49    3944246.31    
37     132504.0    540513.16    3944245.50    
38     132504.5    540512.79    3944244.70    
39     132505.0    540512.41    3944243.90    
40     132505.5    540512.07    3944243.09    
41     132506.0    540511.73    3944242.28    
42     132506.5    540511.39    3944241.45    
43     132507.0    540511.05    3944240.62    
44     132507.5    540510.64    3944239.81    
45     132508.0    540510.22    3944239.00    
46     132508.5    540509.87    3944238.19    
47     132509.0    540509.53    3944237.39    
48     132509.5    540509.12    3944236.58    
49     132510.0    540508.71    3944235.77    
50     132510.5    540508.42    3944234.92    
51     132511.0    540508.14    3944234.07    
52     132511.5    540507.75    3944233.22    
53     132512.0    540507.36    3944232.38    
54     132512.5    540507.03    3944231.49    
55     132513.0    540506.69    3944230.60    
56     132513.5    540506.38    3944229.71    
57     132514.0    540506.07    3944228.82    
58     132514.5    540505.79    3944227.95    
59     132515.0    540505.51    3944227.07    
60     132515.5    540505.20    3944226.21    
61     132516.0    540504.90    3944225.36    
62     132516.5    540504.63    3944224.49    
63     132517.0    540504.35    3944223.62    
64     132517.5    540504.05    3944222.75    
65     132518.0    540503.75    3944221.87    
66     132518.5    540503.50    3944220.98    
67     132519.0    540503.24    3944220.08    
68     132519.5    540502.95    3944219.20    
69     132520.0    540502.66    3944218.31    
70     132520.5    540502.36    3944217.43    
71     132521.0    540502.06    3944216.55    
72     132521.5    540501.74    3944215.67    
73     132522.0    540501.41    3944214.78    
74     132522.5    540501.18    3944213.88    
75     132523.0    540500.94    3944212.99    
76     132523.5    540500.68    3944212.14    
77     132524.0    540500.43    3944211.28    
78     132524.5    540500.18    3944210.41    
79     132525.0    540499.93    3944209.54    
80     132525.5    540499.65    3944208.65    
81     132526.0    540499.37    3944207.76    
82     132526.5    540499.01    3944206.86    
83     132527.0    540498.66    3944205.97    
84     132527.5    540498.40    3944205.04    
85     132528.0    540498.13    3944204.11    
86     132528.5    540497.80    3944203.24    
87     132529.0    540497.46    3944202.36    
88     132529.5    540497.21    3944201.48    
89     132530.0    540496.97    3944200.60    
90     132530.5    540496.65    3944199.80    
91     132531.0    540496.33    3944199.00    
92     132531.5    540495.98    3944198.20    
93     132532.0    540495.63    3944197.40    
94     132532.5    540495.34    3944196.53    
95     132533.0    540495.05    3944195.67    
96     132533.5    540494.74    3944194.76    
97     132534.0    540494.43    3944193.85    
98     132534.5    540494.09    3944192.94    
99     132535.0    540493.75    3944192.03    
100    132535.5    540493.42    3944191.15    
101    132536.0    540493.09    3944190.27    
102    132536.5    540492.69    3944189.48    
103    132537.0    540492.29    3944188.69    
104    132537.5    540491.92    3944187.91    
105    132538.0    540491.55    3944187.13    
106    132538.5    540491.25    3944186.34    
107    132539.0    540490.94    3944185.55    
108    132539.5    540490.59    3944184.73    
109    132540.0    540490.24    3944183.92    
110    132540.5    540489.93    3944183.04    
111    132541.0    540489.63    3944182.16    
112    132541.5    540489.24    3944181.29    
113    132542.0    540488.84    3944180.43    
114    132542.5    540488.50    3944179.53    
115    132543.0    540488.16    3944178.63    
116    132543.5    540487.85    3944177.73    
117    132544.0    540487.55    3944176.83    
118    132544.5    540487.19    3944175.99    
119    132545.0    540486.83    3944175.15    
120    132545.5    540486.55    3944174.30    
121    132546.0    540486.27    3944173.45    
122    132546.5    540485.94    3944172.63    
123    132547.0    540485.60    3944171.80    
124    132547.5    540485.25    3944170.97    
125    132548.0    540484.91    3944170.15    
126    132548.5    540484.58    3944169.29    
127    132549.0    540484.24    3944168.43    
128    132549.5    540483.93    3944167.55    
129    132550.0    540483.63    3944166.67    
130    132550.5    540483.32    3944165.80    
131    132551.0    540483.01    3944164.94    
132    132551.5    540482.69    3944164.11    
133    132552.0    540482.37    3944163.28    
134    132552.5    540482.08    3944162.41    
135    132553.0    540481.80    3944161.55    
136    132553.5    540481.57    3944160.63    
137    132554.0    540481.33    3944159.72    
138    132554.5    540481.02    3944158.84    
139    132555.0    540480.71    3944157.95    
140    132555.5    540480.46    3944157.06    
141    132556.0    540480.22    3944156.16    
142    132556.5    540479.90    3944155.33    
143    132557.0    540479.57    3944154.50    
144    132557.5    540479.29    3944153.68    
145    132558.0    540479.01    3944152.86    
146    132558.5    540478.75    3944152.04    
147    132559.0    540478.49    3944151.22    
148    132559.5    540478.24    3944150.35    
149    132600.0    540477.98    3944149.49    
150    132600.5    540477.69    3944148.65    
151    132601.0    540477.40    3944147.81    
152    132601.5    540477.15    3944146.94    
153    132602.0    540476.89    3944146.08    
154    132602.5    540476.52    3944145.24    
155    132603.0    540476.14    3944144.40    
156    132603.5    540475.90    3944143.53    
157    132604.0    540475.67    3944142.67    
158    132604.5    540475.34    3944141.88    
159    132605.0    540475.01    3944141.09    
160    132605.5    540474.62    3944140.33    
161    132606.0    540474.23    3944139.57    
162    132606.5    540473.88    3944138.76    
163    132607.0    540473.54    3944137.95    
164    132607.5    540473.29    3944137.08    
165    132608.0    540473.03    3944136.22    
166    132608.5    540472.75    3944135.41    
167    132609.0    540472.46    3944134.59    
168    132609.5    540472.18    3944133.75    
169    132610.0    540471.91    3944132.91    
170    132610.5    540471.64    3944132.08    
171    132611.0    540471.36    3944131.25    
172    132611.5    540470.97    3944130.46    
173    132612.0    540470.57    3944129.68    
174    132612.5    540470.24    3944128.85    
175    132613.0    540469.92    3944128.02    
176    132613.5    540469.62    3944127.13    
177    132614.0    540469.32    3944126.24    
178    132614.5    540469.02    3944125.36    
179    132615.0    540468.72    3944124.47    
180    132615.5    540468.49    3944123.61    
181    132616.0    540468.27    3944122.75    
182    132616.5    540468.00    3944121.93    
183    132617.0    540467.72    3944121.11    
184    132617.5    540467.48    3944120.30    
185    132618.0    540467.24    3944119.50    
186    132618.5    540467.05    3944118.63    
187    132619.0    540466.85    3944117.77    
188    132619.5    540466.57    3944116.91    
189    132620.0    540466.29    3944116.05    
190    132620.5    540466.09    3944115.14    
191    132621.0    540465.89    3944114.24    
192    132621.5    540465.57    3944113.35    
193    132622.0    540465.25    3944112.46    
194    132622.5    540465.06    3944111.56    
195    132623.0    540464.87    3944110.65    
196    132623.5    540464.75    3944109.75    
197    132624.0    540464.64    3944108.84    
198    132624.5    540464.48    3944107.95    
199    132625.0    540464.32    3944107.06    
200    132625.5    540464.20    3944106.19    
201    132626.0    540464.09    3944105.32    
202    132626.5    540463.86    3944104.46    
203    132627.0    540463.64    3944103.60    
204    132627.5    540463.39    3944102.73    
205    132628.0    540463.14    3944101.85    
206    132628.5    540462.95    3944100.95    
207    132629.0    540462.75    3944100.04    
208    132629.5    540462.36    3944098.23    
209    132630.0    540462.36    3944098.22    
210    132630.5    540462.29    3944097.26    
211    132631.0    540462.22    3944096.29    
212    132631.5    540462.06    3944095.36    
213    132632.0    540461.91    3944094.42    
214    132632.5    540461.81    3944093.52    
215    132633.0    540461.71    3944092.61    
216    132633.5    540461.47    3944091.74    
217    132634.0    540461.24    3944090.87    
218    132634.5    540461.05    3944090.02    
219    132635.0    540460.85    3944089.18    
220    132635.5    540460.56    3944088.33    
221    132636.0    540460.27    3944087.48    
222    132636.5    540460.19    3944086.81    
223    132637.0    540460.10    3944086.13    
224    132637.5    540459.93    3944084.78    
225    132638.0    540459.76    3944083.43    
226    132638.5    540459.59    3944082.08    
227    132639.0    540459.59    3944082.08    
228    132639.5    540459.46    3944081.15    
229    132640.0    540459.34    3944080.22    
230    132640.5    540459.08    3944079.37    
231    132641.0    540458.82    3944078.51    
232    132641.5    540458.67    3944078.00    
233    132642.0    540458.53    3944077.49    
234    132642.5    540458.24    3944076.47    
235    132643.0    540457.95    3944075.45    
236    132643.5    540457.66    3944074.43    
237    132644.0    540457.37    3944073.41    
238    132644.5    540457.08    3944072.39    
239    132645.0    540456.79    3944071.37    
240    132645.5    540456.50    3944070.35    
241    132646.0    540456.21    3944069.33    
242    132646.5    540455.92    3944068.31    
243    132647.0    540455.63    3944067.29    
244    132647.5    540455.34    3944066.27    
245    132648.0    540455.36    3944066.31    
246    132648.5    540455.09    3944065.46    
247    132649.0    540454.82    3944064.61    
248    132649.5    540454.53    3944063.76    
249    132650.0    540454.24    3944062.92    
250    132650.5    540453.76    3944062.17    
251    132651.0    540453.29    3944061.42    
252    132651.5    540453.05    3944060.56    
253    132652.0    540452.81    3944059.70    
254    132652.5    540452.58    3944058.80    
255    132653.0    540452.35    3944057.89    
256    132653.5    540452.10    3944056.94    
257    132654.0    540451.86    3944055.99    
258    132654.5    540451.54    3944055.09    
259    132655.0    540451.22    3944054.19    
260    132655.5    540450.90    3944053.26    
261    132656.0    540450.58    3944052.33    
262    132656.5    540450.27    3944051.45    
263    132657.0    540449.97    3944050.56    
264    132657.5    540449.66    3944049.74    
265    132658.0    540449.35    3944048.93    
266    132658.5    540449.04    3944048.10    
267    132659.0    540448.72    3944047.27    
268    132659.5    540448.43    3944046.39    
269    132700.0    540448.15    3944045.50    
270    132700.5    540447.94    3944044.58    
271    132701.0    540447.72    3944043.66    
272    132701.5    540447.43    3944042.75    
273    132702.0    540447.14    3944041.84    
274    132702.5    540446.73    3944040.98    
275    132703.0    540446.32    3944040.12    
276    132703.5    540445.96    3944039.27    
277    132704.0    540445.60    3944038.42    
278    132704.5    540445.30    3944037.56    
279    132705.0    540445.01    3944036.71    
280    132705.5    540444.42    3944035.00    
281    132706.0    540444.41    3944035.00    
282    132706.5    540444.10    3944034.11    
283    132707.0    540443.79    3944033.22    
284    132707.5    540443.40    3944032.34    
285    132708.0    540443.00    3944031.45    
286    132708.5    540442.21    3944029.68    
287    132709.0    540442.22    3944029.69    
288    132709.5    540441.96    3944028.79    
289    132710.0    540441.70    3944027.88    
290    132710.5    540441.41    3944026.99    
291    132711.0    540441.12    3944026.09    
292    132711.5    540440.95    3944025.16    
293    132712.0    540440.79    3944024.24    
294    132712.5    540440.46    3944023.40    
295    132713.0    540440.12    3944022.55    
296    132713.5    540439.71    3944021.75    
297    132714.0    540439.30    3944020.96    
298    132714.5    540438.97    3944020.11    
299    132715.0    540438.64    3944019.27    
300    132715.5    540438.18    3944018.44    
301    132716.0    540437.71    3944017.62    
302    132716.5    540437.49    3944016.70    
303    132717.0    540437.27    3944015.77    
304    132717.5    540436.91    3944014.88    
305    132718.0    540436.55    3944013.98    
306    132718.5    540436.23    3944013.06    
307    132719.0    540435.90    3944012.14    
308    132719.5    540435.59    3944011.24    
309    132720.0    540435.29    3944010.33    
310    132720.5    540434.95    3944009.46    
311    132721.0    540434.60    3944008.58    
312    132721.5    540434.25    3944007.71    
313    132722.0    540433.90    3944006.83    
314    132722.5    540433.64    3944005.97    
315    132723.0    540433.38    3944005.11    
316    132723.5    540433.07    3944004.27    
317    132724.0    540432.76    3944003.44    
318    132724.5    540432.42    3944002.60    
319    132725.0    540432.07    3944001.77    
320    132725.5    540431.68    3944000.93    
321    132726.0    540431.29    3944000.10    
322    132726.5    540430.94    3943999.17    
323    132727.0    540430.58    3943998.24    
324    132727.5    540429.87    3943996.38    
325    132728.0    540429.87    3943996.37    
326    132728.5    540429.61    3943995.40    
327    132729.0    540429.35    3943994.43    
328    132729.5    540429.04    3943993.51    
329    132730.0    540428.74    3943992.59    
330    132730.5    540428.37    3943991.77    
331    132731.0    540427.99    3943990.96    
332    132731.5    540427.70    3943990.15    
333    132732.0    540427.42    3943989.34    
334    132732.5    540427.11    3943988.49    
335    132733.0    540426.79    3943987.65    
336    132733.5    540426.42    3943986.84    
337    132734.0    540426.04    3943986.04    
338    132734.5    540425.67    3943985.18    
339    132735.0    540425.30    3943984.33    
340    132735.5    540424.90    3943983.45    
341    132736.0    540424.50    3943982.56    
342    132736.5    540424.24    3943981.64    
343    132737.0    540423.97    3943980.71    
344    132737.5    540423.76    3943979.77    
345    132738.0    540423.55    3943978.82    
346    132738.5    540423.30    3943977.94    
347    132739.0    540423.05    3943977.05    
348    132739.5    540422.70    3943976.21    
349    132740.0    540422.35    3943975.38    
350    132740.5    540421.98    3943974.57    
351    132741.0    540421.61    3943973.77    
352    132741.5    540420.87    3943972.16    
353    132742.0    540420.86    3943972.15    
354    132742.5    540420.53    3943971.21    
355    132743.0    540420.19    3943970.26    
356    132743.5    540419.91    3943969.31    
357    132744.0    540419.64    3943968.37    
358    132744.5    540419.35    3943967.49    
359    132745.0    540419.06    3943966.61    
360    132745.5    540418.48    3943964.85    
361    132746.0    540418.49    3943964.85    
362    132746.5    540418.27    3943964.00    
363    132747.0    540418.05    3943963.15    
364    132747.5    540417.80    3943962.27    
365    132748.0    540417.56    3943961.38    
366    132748.5    540417.36    3943960.43    
367    132749.0    540417.16    3943959.48    
368    132749.5    540416.93    3943958.54    
369    132750.0    540416.70    3943957.59    
370    132750.5    540416.48    3943956.63    
371    132751.0    540416.26    3943955.67    
372    132751.5    540416.08    3943954.73    
373    132752.0    540415.91    3943953.78    
374    132752.5    540415.61    3943952.90    
375    132753.0    540415.31    3943952.01    
376    132753.5    540415.13    3943951.15    
377    132754.0    540414.95    3943950.30    
378    132754.5    540414.79    3943949.39    
379    132755.0    540414.63    3943948.49    
380    132755.5    540414.51    3943947.59    
381    132756.0    540414.40    3943946.69    
382    132756.5    540414.22    3943945.75    
383    132757.0    540414.04    3943944.81    
384    132757.5    540413.85    3943943.87    
385    132758.0    540413.67    3943942.92    
386    132758.5    540413.50    3943941.98    
387    132759.0    540413.33    3943941.03    
388    132759.5    540413.29    3943940.10    
389    132800.0    540413.26    3943939.18    
390    132800.5    540413.15    3943938.28    
391    132801.0    540413.05    3943937.37    
392    132801.5    540412.76    3943936.46    
393    132802.0    540412.46    3943935.55    
394    132802.5    540412.30    3943934.66    
395    132803.0    540412.15    3943933.77    
396    132803.5    540412.01    3943932.84    
397    132804.0    540411.87    3943931.91    
398    132804.5    540411.69    3943930.94    
399    132805.0    540411.52    3943929.96    
400    132805.5    540411.30    3943929.04    
401    132806.0    540411.07    3943928.12    
402    132806.5    540410.93    3943927.14    
403    132807.0    540410.79    3943926.15    
404    132807.5    540410.70    3943925.17    
405    132808.0    540410.60    3943924.19    
406    132808.5    540410.41    3943923.23    
407    132809.0    540410.22    3943922.27    
408    132809.5    540409.95    3943921.39    
409    132810.0    540409.68    3943920.50    
410    132810.5    540409.50    3943919.62    
411    132811.0    540409.32    3943918.73    
412    132811.5    540409.15    3943917.85    
413    132812.0    540408.98    3943916.96    
414    132812.5    540408.83    3943915.99    
415    132813.0    540408.68    3943915.02    
416    132813.5    540408.46    3943914.01    
417    132814.0    540408.23    3943913.00    
418    132814.5    540408.12    3943911.99    
419    132815.0    540408.02    3943910.98    
420    132815.5    540407.83    3943910.00    
421    132816.0    540407.64    3943909.01    
422    132816.5    540407.47    3943908.03    
423    132817.0    540407.30    3943907.06    
424    132817.5    540407.10    3943906.14    
425    132818.0    540406.89    3943905.22    
426    132818.5    540406.72    3943904.34    
427    132819.0    540406.56    3943903.46    
428    132819.5    540406.38    3943902.58    
429    132820.0    540406.20    3943901.70    
430    132820.5    540406.03    3943900.80    
431    132821.0    540405.87    3943899.90    
432    132821.5    540405.73    3943898.94    
433    132822.0    540405.59    3943897.99    
434    132822.5    540405.45    3943897.08    
435    132823.0    540405.31    3943896.16    
436    132823.5    540405.09    3943895.28    
437    132824.0    540404.86    3943894.40    
438    132824.5    540404.64    3943893.52    
439    132825.0    540404.42    3943892.64    
440    132825.5    540404.15    3943891.76    
441    132826.0    540403.87    3943890.87    
442    132826.5    540403.67    3943890.00    
443    132827.0    540403.47    3943889.13    
444    132827.5    540403.20    3943888.28    
445    132828.0    540402.93    3943887.44    
446    132828.5    540402.64    3943886.56    
447    132829.0    540402.35    3943885.68    
448    132829.5    540402.06    3943884.79    
449    132830.0    540401.77    3943883.90    
450    132830.5    540401.54    3943883.00    
451    132831.0    540401.31    3943882.09    
452    132831.5    540400.98    3943881.19    
453    132832.0    540400.64    3943880.29    
454    132832.5    540400.37    3943879.38    
455    132833.0    540400.10    3943878.47    
456    132833.5    540399.65    3943877.63    
457    132834.0    540399.19    3943876.78    
458    132834.5    540398.83    3943875.89    
459    132835.0    540398.48    3943875.00    
460    132835.5    540398.19    3943874.11    
461    132836.0    540397.90    3943873.21    
462    132836.5    540397.66    3943872.31    
463    132837.0    540397.42    3943871.40    
464    132837.5    540397.07    3943870.48    
465    132838.0    540396.71    3943869.56    
466    132838.5    540396.40    3943868.66    
467    132839.0    540396.09    3943867.75    
468    132839.5    540395.79    3943866.82    
469    132840.0    540395.50    3943865.88    
470    132840.5    540395.19    3943864.95    
471    132841.0    540394.87    3943864.02    
472    132841.5    540394.56    3943863.11    
473    132842.0    540394.24    3943862.20    
474    132842.5    540393.97    3943861.27    
475    132843.0    540393.69    3943860.34    
476    132843.5    540393.39    3943859.41    
477    132844.0    540393.10    3943858.48    
478    132844.5    540392.79    3943857.56    
479    132845.0    540392.49    3943856.63    
480    132845.5    540392.19    3943855.76    
481    132846.0    540391.89    3943854.88    
482    132846.5    540391.64    3943853.97    
483    132847.0    540391.38    3943853.06    
484    132847.5    540391.13    3943852.15    
485    132848.0    540390.89    3943851.23    
486    132848.5    540390.62    3943850.31    
487    132849.0    540390.35    3943849.38    
488    132849.5    540390.03    3943848.48    
489    132850.0    540389.70    3943847.57    
490    132850.5    540389.45    3943846.67    
491    132851.0    540389.20    3943845.76    
492    132851.5    540388.89    3943844.82    
493    132852.0    540388.58    3943843.89    
494    132852.5    540388.30    3943842.92    
495    132853.0    540388.03    3943841.95    
496    132853.5    540387.70    3943841.01    
497    132854.0    540387.36    3943840.07    
498    132854.5    540386.95    3943839.18    
499    132855.0    540386.55    3943838.29    
500    132855.5    540386.21    3943837.41    
501    132856.0    540385.87    3943836.53    
502    132856.5    540385.60    3943835.63    
503    132857.0    540385.32    3943834.74    
504    132857.5    540384.96    3943833.87    
505    132858.0    540384.61    3943832.99    
506    132858.5    540384.29    3943832.08    
507    132859.0    540383.97    3943831.17    
508    132859.5    540383.70    3943830.20    
509    132900.0    540383.43    3943829.24    
510    132900.5    540383.11    3943828.29    
511    132901.0    540382.79    3943827.33    
512    132901.5    540382.43    3943826.44    
513    132902.0    540382.07    3943825.55    
514    132902.5    540381.76    3943824.65    
515    132903.0    540381.44    3943823.75    
516    132903.5    540381.09    3943822.85    
517    132904.0    540380.75    3943821.95    
518    132904.5    540380.46    3943821.05    
519    132905.0    540380.17    3943820.14    
520    132905.5    540379.90    3943819.22    
521    132906.0    540379.62    3943818.29    
522    132906.5    540379.36    3943817.32    
523    132907.0    540379.09    3943816.34    
524    132907.5    540378.83    3943815.39    
525    132908.0    540378.57    3943814.44    
526    132908.5    540378.27    3943813.52    
527    132909.0    540377.98    3943812.59    
528    132909.5    540377.69    3943811.67    
529    132910.0    540377.40    3943810.75    
530    132910.5    540377.07    3943809.85    
531    132911.0    540376.73    3943808.94    
532    132911.5    540376.45    3943808.03    
533    132912.0    540376.17    3943807.12    
534    132912.5    540375.88    3943806.20    
535    132913.0    540375.59    3943805.27    
536    132913.5    540375.24    3943804.37    
537    132914.0    540374.89    3943803.46    
538    132914.5    540374.58    3943802.55    
539    132915.0    540374.26    3943801.63    
540    132915.5    540373.94    3943800.69    
541    132916.0    540373.62    3943799.75    
542    132916.5    540373.32    3943798.85    
543    132917.0    540373.03    3943797.95    
544    132917.5    540372.74    3943797.06    
545    132918.0    540372.45    3943796.17    
546    132918.5    540372.20    3943795.28    
547    132919.0    540371.94    3943794.39    
548    132919.5    540371.56    3943793.54    
549    132920.0    540371.18    3943792.70    
550    132920.5    540370.91    3943791.79    
551    132921.0    540370.64    3943790.88    
552    132921.5    540370.28    3943790.03    
553    132922.0    540369.93    3943789.18    
554    132922.5    540369.62    3943788.38    
555    132923.0    540369.31    3943787.57    
556    132923.5    540369.11    3943786.76    
557    132924.0    540368.90    3943785.95    
558    132924.5    540368.58    3943785.20    
559    132925.0    540368.25    3943784.45    
560    132925.5    540367.90    3943783.67    
561    132926.0    540367.56    3943782.89    
562    132926.5    540367.15    3943782.15    
563    132927.0    540366.73    3943781.40    
564    132927.5    540366.29    3943780.68    
565    132928.0    540365.86    3943779.96    
566    132928.5    540365.47    3943779.30    
567    132929.0    540365.08    3943778.63    
568    132929.5    540364.71    3943777.93    
569    132930.0    540364.34    3943777.24    
570    132930.5    540364.04    3943776.51    
571    132931.0    540363.75    3943775.78    
572    132931.5    540363.39    3943775.15    
573    132932.0    540363.04    3943774.51    
574    132932.5    540362.78    3943773.87    
575    132933.0    540362.52    3943773.24    
576    132933.5    540362.22    3943772.58    
577    132934.0    540361.92    3943771.91    
578    132934.5    540361.60    3943771.29    
579    132935.0    540361.28    3943770.68    
580    132935.5    540360.93    3943770.11    
581    132936.0    540360.57    3943769.53    
582    132936.5    540360.34    3943768.91    
583    132937.0    540360.12    3943768.29    
584    132937.5    540359.95    3943767.65    
585    132938.0    540359.79    3943767.01    
586    132938.5    540359.53    3943766.44    
587    132939.0    540359.27    3943765.88    
588    132939.5    540359.05    3943765.33    
589    132940.0    540358.82    3943764.79    
590    132940.5    540358.59    3943764.28    
591    132941.0    540358.37    3943763.77    
592    132941.5    540358.16    3943763.30    
593    132942.0    540357.95    3943762.82    
594    132942.5    540357.78    3943762.39    
595    132943.0    540357.61    3943761.97    
596    132943.5    540357.48    3943761.53    
597    132944.0    540357.35    3943761.08    
598    132944.5    540357.15    3943760.71    
599    132945.0    540356.94    3943760.34    
600    132945.5    540356.87    3943759.94    
601    132946.0    540356.81    3943759.53    
602    132946.5    540356.80    3943759.16    
603    132947.0    540356.79    3943758.80    
604    132947.5    540356.81    3943758.44    
605    132948.0    540356.82    3943758.09    
606    132948.5    540356.78    3943757.70    
607    132949.0    540356.75    3943757.31    
608    132949.5    540356.81    3943756.87    
609    132950.0    540356.86    3943756.43    
610    132950.5    540356.94    3943755.96    
611    132951.0    540357.03    3943755.48    
612    132951.5    540357.16    3943754.95    
613    132952.0    540357.28    3943754.43    
614    132952.5    540357.49    3943753.88    
615    132953.0    540357.69    3943753.32    
616    132953.5    540358.00    3943752.75    
617    132954.0    540358.31    3943752.19    
618    132954.5    540358.75    3943751.66    
619    132955.0    540359.18    3943751.14    
620    132956.0    540360.23    3943750.15    
621    132956.5    540360.83    3943749.70    
622    132957.3    540361.43    3943749.25    
623    132957.5    540362.06    3943748.89    
624    132957.8    540361.44    3943749.25    
625    132958.0    540362.68    3943748.53    
626    132959.0    540363.95    3943747.73    
627    132959.5    540364.61    3943747.36    
628    133000.0    540365.27    3943746.99    
629    133000.5    540365.87    3943746.58    
630    133001.0    540366.46    3943746.16    
631    133001.5    540367.11    3943745.82    
632    133002.0    540367.76    3943745.49    
633    133002.5    540368.39    3943745.20    
634    133003.0    540369.02    3943744.91    
635    133003.5    540369.65    3943744.62    
636    133004.0    540370.27    3943744.32    
637    133004.5    540370.86    3943744.12    
638    133005.0    540371.44    3943743.93    
639    133005.5    540371.94    3943743.72    
640    133006.0    540372.45    3943743.51    
641    133006.5    540372.87    3943743.33    
642    133007.0    540373.29    3943743.15    
643    133007.5    540373.74    3943743.02    
644    133008.0    540374.19    3943742.90    
645    133008.5    540374.70    3943742.76    
646    133009.0    540375.22    3943742.62    
647    133009.5    540375.76    3943742.51    
648    133010.0    540376.31    3943742.40    
649    133010.5    540376.84    3943742.37    
650    133011.0    540377.36    3943742.34    
651    133011.5    540377.86    3943742.21    
652    133012.0    540378.37    3943742.07    
653    133012.5    540378.88    3943742.02    
654    133013.0    540379.40    3943741.97    
655    133013.5    540379.93    3943741.88    
656    133014.0    540380.46    3943741.78    
657    133014.5    540381.03    3943741.82    
658    133015.0    540381.61    3943741.86    
659    133015.5    540382.28    3943741.95    
660    133016.0    540382.94    3943742.03    
661    133016.5    540383.68    3943742.18    
662    133017.0    540384.43    3943742.33    
663    133017.5    540385.17    3943742.58    
664    133018.0    540385.91    3943742.83    
665    133018.5    540386.58    3943743.15    
666    133019.0    540387.24    3943743.47    
667    133019.5    540387.89    3943743.79    
668    133020.0    540388.54    3943744.10    
669    133020.5    540389.13    3943744.60    
670    133021.0    540389.72    3943745.09    
671    133021.5    540390.35    3943745.76    
672    133022.0    540390.97    3943746.43    
673    133022.5    540391.60    3943747.12    
674    133023.0    540392.24    3943747.81    
675    133023.5    540392.86    3943748.51    
676    133024.0    540393.47    3943749.22    
677    133024.5    540394.05    3943749.90    
678    133025.0    540394.64    3943750.58    
679    133025.5    540395.14    3943751.36    
680    133026.0    540395.63    3943752.14    
681    133026.5    540396.21    3943752.93    
682    133027.0    540396.79    3943753.71    
683    133027.5    540397.34    3943754.53    
684    133028.0    540397.88    3943755.35    
685    133028.5    540398.38    3943756.19    
686    133029.0    540398.89    3943757.02    
687    133029.5    540399.42    3943757.81    
688    133030.0    540399.94    3943758.60    
689    133030.5    540400.34    3943759.45    
690    133031.0    540400.75    3943760.29    
691    133031.5    540401.23    3943761.12    
692    133032.0    540401.70    3943761.94    
693    133032.5    540402.11    3943762.82    
694    133033.0    540402.53    3943763.70    
695    133033.5    540402.92    3943764.65    
696    133034.0    540403.31    3943765.59    
697    133034.5    540403.78    3943766.53    
698    133035.0    540404.25    3943767.48    
699    133035.5    540404.59    3943768.44    
700    133036.0    540404.93    3943769.41    
701    133036.5    540405.41    3943770.29    
702    133037.0    540405.88    3943771.18    
703    133037.5    540406.19    3943772.14    
704    133038.0    540406.49    3943773.10    
705    133038.5    540406.92    3943774.01    
706    133039.0    540407.34    3943774.93    
707    133039.5    540407.71    3943775.86    
708    133040.0    540408.08    3943776.79    
709    133040.5    540408.39    3943777.74    
710    133041.0    540408.69    3943778.70    
711    133041.5    540409.02    3943779.65    
712    133042.0    540409.36    3943780.59    
713    133042.5    540409.68    3943781.50    
714    133043.0    540410.01    3943782.42    
715    133043.5    540410.42    3943783.33    
716    133044.0    540410.82    3943784.24    
717    133044.5    540411.19    3943785.17    
718    133045.0    540411.56    3943786.10    
719    133045.5    540411.91    3943787.06    
720    133046.0    540412.26    3943788.01    
721    133046.5    540412.52    3943788.99    
722    133047.0    540412.78    3943789.98    
723    133047.5    540412.96    3943791.00    
724    133048.0    540413.14    3943792.01    
725    133048.5    540413.42    3943792.98    
726    133049.0    540413.69    3943793.95    
727    133049.5    540413.97    3943794.88    
728    133050.0    540414.26    3943795.80    
729    133050.5    540414.57    3943796.71    
730    133051.0    540414.88    3943797.62    
731    133051.5    540415.13    3943798.58    
732    133052.0    540415.37    3943799.54    
733    133052.5    540415.63    3943800.56    
734    133053.0    540415.89    3943801.58    
735    133053.5    540416.09    3943802.59    
736    133054.0    540416.29    3943803.60    
737    133054.5    540416.62    3943804.55    
738    133055.0    540416.95    3943805.50    
739    133055.5    540417.26    3943806.40    
740    133056.0    540417.57    3943807.31    
741    133056.5    540417.86    3943808.21    
742    133057.0    540418.15    3943809.11    
743    133057.5    540418.34    3943810.09    
744    133058.0    540418.52    3943811.08    
745    133058.5    540418.79    3943812.05    
746    133059.0    540419.06    3943813.02    
747    133059.5    540419.29    3943813.99    
748    133100.0    540419.51    3943814.97    
749    133100.5    540419.77    3943815.97    
750    133101.0    540420.03    3943816.96    
751    133101.5    540420.32    3943817.92    
752    133102.0    540420.61    3943818.88    
753    133102.5    540420.92    3943819.82    
754    133103.0    540421.23    3943820.77    
755    133103.5    540421.55    3943821.72    
756    133104.0    540421.88    3943822.67    
757    133104.5    540422.12    3943823.61    
758    133105.0    540422.35    3943824.55    
759    133105.5    540422.66    3943825.50    
760    133106.0    540422.97    3943826.46    
761    133106.5    540423.28    3943827.42    
762    133107.0    540423.59    3943828.39    
763    133107.5    540423.99    3943829.28    
764    133108.0    540424.39    3943830.17    
765    133108.5    540424.68    3943831.09    
766    133109.0    540424.97    3943832.02    
767    133109.5    540425.34    3943832.92    
768    133110.0    540425.70    3943833.83    
769    133110.5    540425.92    3943834.46    
770    133111.0    540426.14    3943835.10    
771    133111.5    540426.58    3943836.37    
772    133112.0    540427.02    3943837.64    
773    133112.5    540427.46    3943838.91    
774    133113.0    540427.90    3943840.18    
775    133113.5    540428.34    3943841.45    
776    133114.0    540428.35    3943841.44    
777    133114.5    540428.60    3943842.41    
778    133115.0    540428.86    3943843.39    
779    133115.5    540429.16    3943844.34    
780    133116.0    540429.45    3943845.29    
781    133116.5    540429.70    3943846.24    
782    133117.0    540429.96    3943847.19    
783    133117.5    540430.29    3943848.11    
784    133118.0    540430.63    3943849.04    
785    133118.5    540430.95    3943849.97    
786    133119.0    540431.28    3943850.90    
787    133119.5    540431.63    3943851.82    
788    133120.0    540431.97    3943852.74    
789    133120.5    540432.20    3943853.72    
790    133121.0    540432.43    3943854.69    
791    133121.5    540432.77    3943855.66    
792    133122.0    540433.10    3943856.64    
793    133122.5    540433.46    3943857.59    
794    133123.0    540433.82    3943858.53    
795    133123.5    540434.07    3943859.52    
796    133124.0    540434.32    3943860.51    
797    133124.5    540434.59    3943861.50    
798    133125.0    540434.86    3943862.49    
799    133125.5    540435.16    3943863.40    
800    133126.0    540435.45    3943864.31    
801    133126.5    540435.73    3943865.25    
802    133127.0    540436.01    3943866.19    
803    133127.5    540436.22    3943867.21    
804    133128.0    540436.43    3943868.24    
805    133128.5    540436.71    3943869.26    
806    133129.0    540436.98    3943870.27    
807    133129.5    540437.37    3943871.21    
808    133130.0    540437.76    3943872.16    
809    133130.5    540438.13    3943873.07    
810    133131.0    540438.51    3943873.99    
811    133131.5    540438.78    3943874.92    
812    133132.0    540439.06    3943875.85    
813    133132.5    540439.31    3943876.82    
814    133133.0    540439.56    3943877.78    
815    133133.5    540439.86    3943878.72    
816    133134.0    540440.15    3943879.66    
817    133134.5    540440.37    3943880.63    
818    133135.0    540440.59    3943881.59    
819    133135.5    540440.90    3943882.55    
820    133136.0    540441.20    3943883.52    
821    133136.5    540441.48    3943884.51    
822    133137.0    540441.76    3943885.50    
823    133137.5    540442.11    3943886.47    
824    133138.0    540442.45    3943887.44    
825    133138.5    540442.81    3943888.37    
826    133139.0    540443.17    3943889.30    
827    133139.5    540443.50    3943890.25    
828    133140.0    540443.82    3943891.20    
829    133140.5    540444.20    3943892.10    
830    133141.0    540444.59    3943893.00    
831    133141.5    540444.81    3943893.97    
832    133142.0    540445.04    3943894.95    
833    133142.5    540445.31    3943895.92    
834    133143.0    540445.58    3943896.88    
835    133143.5    540445.82    3943897.84    
836    133144.0    540446.06    3943898.80    
837    133144.5    540446.47    3943899.66    
838    133145.0    540446.88    3943900.52    
839    133145.5    540447.19    3943901.45    
840    133146.0    540447.51    3943902.39    
841    133146.5    540447.86    3943903.32    
842    133147.0    540448.21    3943904.25    
843    133147.5    540448.47    3943905.24    
844    133148.0    540448.74    3943906.23    
845    133148.5    540449.14    3943907.13    
846    133149.0    540449.54    3943908.03    
847    133149.5    540449.81    3943908.98    
848    133150.0    540450.08    3943909.93    
849    133150.5    540450.42    3943910.88    
850    133151.0    540450.77    3943911.83    
851    133151.5    540451.09    3943912.74    
852    133152.0    540451.41    3943913.65    
853    133152.5    540451.77    3943914.58    
854    133153.0    540452.12    3943915.52    
855    133153.5    540452.33    3943916.54    
856    133154.0    540452.54    3943917.55    
857    133154.5    540452.89    3943918.53    
858    133155.0    540453.23    3943919.51    
859    133155.5    540453.56    3943920.47    
860    133156.0    540453.89    3943921.44    
861    133156.5    540454.20    3943922.41    
862    133157.0    540454.51    3943923.38    
863    133157.5    540454.84    3943924.34    
864    133158.0    540455.17    3943925.31    
865    133158.5    540455.53    3943926.23    
866    133159.0    540455.88    3943927.16    
867    133159.5    540456.14    3943928.14    
868    133200.0    540456.41    3943929.12    
869    133200.5    540456.70    3943930.10    
870    133201.0    540456.99    3943931.08    
871    133201.5    540457.26    3943932.04    
872    133202.0    540457.54    3943933.00    
873    133202.5    540457.88    3943933.93    
874    133203.0    540458.22    3943934.86    
875    133203.5    540458.49    3943935.83    
876    133204.0    540458.76    3943936.80    
877    133204.5    540459.01    3943937.79    
878    133205.0    540459.26    3943938.78    
879    133205.5    540459.57    3943939.75    
880    133206.0    540459.89    3943940.72    
881    133206.5    540460.22    3943941.66    
882    133207.0    540460.56    3943942.60    
883    133207.5    540460.84    3943943.60    
884    133208.0    540461.12    3943944.59    
885    133208.5    540461.41    3943945.58    
886    133209.0    540461.69    3943946.57    
887    133209.5    540461.95    3943947.55    
888    133210.0    540462.22    3943948.53    
889    133210.5    540462.53    3943949.48    
890    133211.0    540462.83    3943950.44    
891    133211.5    540463.11    3943951.39    
892    133212.0    540463.40    3943952.35    
893    133212.5    540463.70    3943953.35    
894    133213.0    540463.99    3943954.34    
895    133213.5    540464.26    3943955.35    
896    133214.0    540464.53    3943956.37    
897    133214.5    540464.87    3943957.39    
898    133215.0    540465.20    3943958.40    
899    133215.5    540465.56    3943959.38    
900    133216.0    540465.92    3943960.37    
901    133216.5    540466.28    3943961.28    
902    133217.0    540466.64    3943962.20    
903    133217.5    540466.85    3943963.19    
904    133218.0    540467.06    3943964.17    
905    133218.5    540467.26    3943965.19    
906    133219.0    540467.45    3943966.21    
907    133219.5    540467.75    3943967.17    
908    133220.0    540468.05    3943968.14    
909    133220.5    540468.32    3943969.14    
910    133221.0    540468.59    3943970.13    
911    133221.5    540468.93    3943971.11    
912    133222.0    540469.28    3943972.10    
913    133222.5    540469.66    3943973.01    
914    133223.0    540470.04    3943973.92    
915    133223.5    540470.34    3943974.87    
916    133224.0    540470.64    3943975.83    
917    133224.5    540471.24    3943977.74    
918    133225.0    540471.24    3943977.73    
919    133225.5    540471.48    3943978.72    
920    133226.0    540471.72    3943979.71    
921    133226.5    540472.00    3943980.68    
922    133227.0    540472.29    3943981.65    
923    133227.5    540472.63    3943982.59    
924    133228.0    540472.97    3943983.53    
925    133228.5    540473.27    3943984.49    
926    133229.0    540473.57    3943985.46    
927    133229.5    540473.90    3943986.41    
928    133230.0    540474.24    3943987.37    
929    133230.5    540474.56    3943988.35    
930    133231.0    540474.88    3943989.32    
931    133231.5    540475.19    3943990.26    
932    133232.0    540475.51    3943991.20    
933    133232.5    540475.84    3943992.18    
934    133233.0    540476.17    3943993.15    
935    133233.5    540476.50    3943994.11    
936    133234.0    540476.83    3943995.07    
937    133234.5    540477.14    3943996.03    
938    133235.0    540477.44    3943997.00    
939    133235.5    540477.75    3943997.95    
940    133236.0    540478.06    3943998.91    
941    133236.5    540478.35    3943999.91    
942    133237.0    540478.63    3944000.90    
943    133237.5    540479.01    3944001.86    
944    133238.0    540479.39    3944002.82    
945    133238.5    540479.71    3944003.78    
946    133239.0    540480.03    3944004.74    
947    133239.5    540480.32    3944005.74    
948    133240.0    540480.60    3944006.74    
949    133240.5    540480.91    3944007.73    
950    133241.0    540481.21    3944008.72    
951    133241.5    540481.42    3944009.73    
952    133242.0    540481.63    3944010.74    
953    133242.5    540481.83    3944011.76    
954    133243.0    540482.03    3944012.77    
955    133243.5    540482.36    3944013.74    
956    133244.0    540482.69    3944014.72    
957    133244.5    540482.96    3944015.73    
958    133245.0    540483.24    3944016.73    
959    133245.5    540483.54    3944017.76    
960    133246.0    540483.83    3944018.78    
961    133246.5    540484.06    3944019.77    
962    133247.0    540484.30    3944020.77    
963    133247.5    540484.61    3944021.77    
964    133248.0    540484.92    3944022.77    
965    133248.5    540485.11    3944023.78    
966    133249.0    540485.30    3944024.79    
967    133249.5    540485.55    3944025.83    
968    133250.0    540485.79    3944026.86    
969    133250.5    540485.98    3944027.92    
970    133251.0    540486.17    3944028.98    
971    133251.5    540486.50    3944029.98    
972    133252.0    540486.83    3944030.98    
973    133252.5    540487.10    3944032.00    
974    133253.0    540487.37    3944033.01    
975    133253.5    540487.69    3944033.97    
976    133254.0    540488.02    3944034.93    
977    133254.5    540488.25    3944035.95    
978    133255.0    540488.47    3944036.96    
979    133255.5    540488.78    3944037.93    
980    133256.0    540489.10    3944038.90    
981    133256.5    540489.41    3944039.87    
982    133257.0    540489.71    3944040.85    
983    133257.5    540489.99    3944041.86    
984    133258.0    540490.28    3944042.87    
985    133258.5    540490.52    3944043.91    
986    133259.0    540490.75    3944044.94    
987    133259.5    540491.04    3944045.94    
988    133300.0    540491.33    3944046.95    
989    133300.5    540491.66    3944047.91    
990    133301.0    540491.99    3944048.87    
991    133301.5    540492.28    3944049.83    
992    133302.0    540492.57    3944050.78    
993    133302.5    540492.82    3944051.80    
994    133303.0    540493.08    3944052.83    
995    133303.5    540493.49    3944053.78    
996    133304.0    540493.90    3944054.74    
997    133304.5    540494.21    3944055.68    
998    133305.0    540494.51    3944056.62    
999    133305.5    540494.82    3944057.58    
1000    133306.0    540495.12    3944058.54    
1001    133306.5    540495.39    3944059.53    
1002    133307.0    540495.67    3944060.51    
1003    133307.5    540496.03    3944061.47    
1004    133308.0    540496.38    3944062.43    
1005    133308.5    540497.09    3944064.35    
1006    133309.0    540497.09    3944064.35    
1007    133309.5    540497.41    3944065.29    
1008    133310.0    540497.73    3944066.24    
1009    133310.5    540498.06    3944067.21    
1010    133311.0    540498.40    3944068.17    
1011    133311.5    540498.74    3944069.14    
1012    133312.0    540499.08    3944070.12    
1013    133312.5    540499.43    3944071.07    
1014    133313.0    540499.78    3944072.01    
1015    133313.5    540500.09    3944072.98    
1016    133314.0    540500.41    3944073.96    
1017    133314.5    540500.72    3944074.94    
1018    133315.0    540501.02    3944075.93    
1019    133315.5    540501.37    3944076.92    
1020    133316.0    540501.71    3944077.90    
1021    133316.5    540502.05    3944078.88    
1022    133317.0    540502.39    3944079.87    
1023    133317.5    540502.69    3944080.85    
1024    133318.0    540502.99    3944081.83    
1025    133318.5    540503.37    3944082.80    
1026    133319.0    540503.76    3944083.76    
1027    133319.5    540503.99    3944084.74    
1028    133320.0    540504.21    3944085.73    
1029    133320.5    540504.49    3944086.68    
1030    133321.0    540504.78    3944087.64    
1031    133321.5    540505.00    3944088.64    
1032    133322.0    540505.22    3944089.64    
1033    133322.5    540505.53    3944090.65    
1034    133323.0    540505.83    3944091.66    
1035    133323.5    540506.12    3944092.68    
1036    133324.0    540506.42    3944093.70    
1037    133324.5    540506.76    3944094.68    
1038    133325.0    540507.09    3944095.66    
1039    133325.5    540507.42    3944096.66    
1040    133326.0    540507.75    3944097.65    
1041    133326.5    540507.93    3944098.71    
1042    133327.0    540508.11    3944099.76    
1043    133327.5    540508.31    3944100.79    
1044    133328.0    540508.52    3944101.83    
1045    133328.5    540508.85    3944102.86    
1046    133329.0    540509.18    3944103.88    
1047    133329.5    540509.58    3944104.88    
1048    133330.0    540509.98    3944105.89    
1049    133330.5    540510.23    3944106.92    
1050    133331.0    540510.47    3944107.94    
1051    133331.5    540510.78    3944108.91    
1052    133332.0    540511.09    3944109.89    
1053    133332.5    540511.38    3944110.91    
1054    133333.0    540511.68    3944111.92    
1055    133333.5    540511.99    3944112.87    
1056    133334.0    540512.31    3944113.83    
1057    133334.5    540512.57    3944114.89    
1058    133335.0    540512.82    3944115.95    
1059    133335.5    540513.33    3944118.07    
1060    133336.0    540513.34    3944118.07    
1061    133336.5    540513.65    3944119.03    
1062    133337.0    540513.96    3944120.00    
1063    133337.5    540514.40    3944120.95    
1064    133338.0    540514.83    3944121.91    
1065    133338.5    540515.04    3944122.95    
1066    133339.0    540515.25    3944123.99    
1067    133339.5    540515.56    3944124.95    
1068    133340.0    540515.86    3944125.91    
1069    133340.5    540516.11    3944126.92    
1070    133341.0    540516.35    3944127.92    
1071    133341.5    540516.72    3944128.88    
1072    133342.0    540517.10    3944129.84    
1073    133342.5    540517.37    3944130.79    
1074    133343.0    540517.65    3944131.75    
1075    133343.5    540517.95    3944132.70    
1076    133344.0    540518.25    3944133.66    
1077    133344.5    540518.55    3944134.64    
1078    133345.0    540518.85    3944135.61    
1079    133345.5    540519.12    3944136.59    
1080    133346.0    540519.39    3944137.58    
1081    133346.5    540519.73    3944138.57    
1082    133347.0    540520.07    3944139.55    
1083    133347.5    540520.46    3944140.53    
1084    133348.0    540520.85    3944141.51    
1085    133348.5    540521.18    3944142.52    
1086    133349.0    540521.51    3944143.53    
1087    133349.5    540521.89    3944144.47    
1088    133350.0    540522.27    3944145.41    
1089    133350.5    540522.70    3944146.28    
1090    133351.0    540523.13    3944147.16    
1091    133351.5    540523.54    3944148.03    
1092    133352.0    540523.94    3944148.89    
1093    133352.5    540524.27    3944149.80    
1094    133353.0    540524.61    3944150.72    
1095    133353.5    540525.01    3944151.64    
1096    133354.0    540525.42    3944152.56    
1097    133354.5    540525.86    3944153.49    
1098    133355.0    540526.29    3944154.43    
1099    133355.5    540526.69    3944155.38    
1100    133356.0    540527.08    3944156.32    
1101    133356.5    540527.54    3944157.20    
1102    133357.0    540528.00    3944158.09    
1103    133357.5    540528.31    3944159.02    
1104    133358.0    540528.63    3944159.95    
1105    133358.5    540528.91    3944160.91    
1106    133359.0    540529.19    3944161.86    
1107    133359.5    540529.51    3944162.82    
1108    133400.0    540529.83    3944163.79    
1109    133400.5    540530.10    3944164.76    
1110    133401.0    540530.37    3944165.73    
1111    133401.5    540530.67    3944166.71    
1112    133402.0    540530.97    3944167.69    
1113    133402.5    540531.31    3944168.68    
1114    133403.0    540531.65    3944169.67    
1115    133403.5    540531.95    3944170.65    
1116    133404.0    540532.24    3944171.63    
1117    133404.5    540532.50    3944172.62    
1118    133405.0    540532.76    3944173.62    
1119    133405.5    540533.01    3944174.60    
1120    133406.0    540533.25    3944175.58    
1121    133406.5    540533.46    3944176.58    
1122    133407.0    540533.67    3944177.58    
1123    133407.5    540533.93    3944178.61    
1124    133408.0    540534.19    3944179.63    
1125    133408.5    540534.47    3944180.66    
1126    133409.0    540534.75    3944181.69    
1127    133409.5    540535.00    3944182.68    
1128    133410.0    540535.25    3944183.68    
1129    133410.5    540535.50    3944184.67    
1130    133411.0    540535.74    3944185.65    
1131    133411.5    540535.91    3944186.68    
1132    133412.0    540536.08    3944187.72    
1133    133412.5    540536.23    3944188.79    
1134    133413.0    540536.39    3944189.86    
1135    133413.5    540536.72    3944190.89    
1136    133414.0    540537.05    3944191.92    
1137    133414.5    540537.32    3944192.96    
1138    133415.0    540537.59    3944194.00    
1139    133415.5    540537.99    3944194.95    
1140    133416.0    540538.40    3944195.91    
1141    133416.5    540538.62    3944196.93    
1142    133417.0    540538.83    3944197.94    
1143    133417.5    540539.14    3944198.92    
1144    133418.0    540539.46    3944199.91    
1145    133418.5    540539.65    3944200.98    
1146    133419.0    540539.85    3944202.04    
1147    133419.5    540540.17    3944203.05    
1148    133420.0    540540.49    3944204.06    
1149    133420.5    540540.79    3944205.08    
1150    133421.0    540541.09    3944206.10    
1151    133421.5    540541.46    3944207.10    
1152    133422.0    540541.82    3944208.09    
1153    133422.5    540542.06    3944209.09    
1154    133423.0    540542.30    3944210.10    
1155    133423.5    540542.62    3944211.08    
1156    133424.0    540542.94    3944212.05    
1157    133424.5    540543.23    3944213.07    
1158    133425.0    540543.52    3944214.09    
1159    133425.5    540543.83    3944215.10    
1160    133426.0    540544.14    3944216.11    
1161    133426.5    540544.46    3944217.13    
1162    133427.0    540544.78    3944218.15    
1163    133427.5    540545.07    3944219.16    
1164    133428.0    540545.36    3944220.18    
1165    133428.5    540545.67    3944221.20    
1166    133429.0    540545.99    3944222.22    
1167    133429.5    540546.22    3944223.29    
1168    133430.0    540546.44    3944224.36    
1169    133430.5    540546.75    3944225.38    
1170    133431.0    540547.07    3944226.40    
1171    133431.5    540547.34    3944227.38    
1172    133432.0    540547.61    3944228.37    
1173    133432.5    540547.84    3944229.38    
1174    133433.0    540548.07    3944230.39    
1175    133433.5    540548.40    3944231.40    
1176    133434.0    540548.74    3944232.40    
1177    133434.5    540549.06    3944233.44    
1178    133435.0    540549.39    3944234.48    
1179    133435.5    540549.74    3944235.52    
1180    133436.0    540550.08    3944236.55    
1181    133436.5    540550.40    3944237.59    
1182    133437.0    540550.72    3944238.63    
1183    133437.5    540551.03    3944239.62    
1184    133438.0    540551.33    3944240.62    
1185    133438.5    540551.65    3944241.63    
1186    133439.0    540551.97    3944242.63    
1187    133439.5    540552.21    3944243.65    
1188    133440.0    540552.45    3944244.68    
1189    133440.5    540552.68    3944245.69    
1190    133441.0    540552.92    3944246.69    
1191    133441.5    540553.23    3944247.70    
1192    133442.0    540553.54    3944248.72    
1193    133442.5    540553.85    3944249.74    
1194    133443.0    540554.15    3944250.76    
1195    133443.5    540554.49    3944251.76    
1196    133444.0    540554.82    3944252.77    
1197    133444.5    540555.15    3944253.80    
1198    133445.0    540555.48    3944254.82    
1199    133445.5    540555.71    3944255.90    
1200    133446.0    540555.94    3944256.98    
1201    133446.5    540556.21    3944258.06    
1202    133447.0    540556.49    3944259.13    
1203    133447.5    540556.83    3944260.16    
1204    133448.0    540557.18    3944261.19    
1205    133448.5    540557.51    3944262.18    
1206    133449.0    540557.83    3944263.17    
1207    133449.5    540558.09    3944264.22    
1208    133450.0    540558.36    3944265.26    
1209    133450.5    540558.71    3944266.25    
1210    133451.0    540559.06    3944267.24    
1211    133451.5    540559.34    3944268.25    
1212    133452.0    540559.62    3944269.26    
1213    133452.5    540559.92    3944270.32    
1214    133453.0    540560.21    3944271.39    
1215    133453.5    540560.53    3944272.46    
1216    133454.0    540560.86    3944273.53    
1217    133454.5    540561.27    3944274.53    
1218    133455.0    540561.68    3944275.54    
1219    133455.5    540562.02    3944276.59    
1220    133456.0    540562.35    3944277.63    
1221    133456.5    540562.63    3944278.67    
1222    133457.0    540562.91    3944279.72    
1223    133457.5    540563.21    3944280.73    
1224    133458.0    540563.51    3944281.73    
1225    133458.5    540563.84    3944282.74    
1226    133459.0    540564.18    3944283.75    
1227    133459.5    540564.52    3944284.78    
1228    133500.0    540564.85    3944285.81    
1229    133500.5    540565.15    3944286.84    
1230    133501.0    540565.45    3944287.86    
1231    133501.5    540565.82    3944288.83    
1232    133502.0    540566.20    3944289.80    
1233    133502.5    540566.51    3944290.78    
1234    133503.0    540566.82    3944291.77    
1235    133503.5    540567.20    3944292.76    
1236    133504.0    540567.58    3944293.75    
1237    133505.3    540568.20    3944295.83    
1238    133505.5    540568.56    3944296.84    
1239    133505.8    540568.19    3944295.84    
1240    133506.0    540568.93    3944297.84    
1241    133506.5    540569.24    3944298.83    
1242    133507.0    540569.56    3944299.83    
1243    133508.0    540570.23    3944301.85    
1244    133508.5    540570.54    3944302.87    
1245    133509.0    540570.86    3944303.89    
1246    133509.5    540571.23    3944304.87    
1247    133510.0    540571.59    3944305.84    
1248    133510.5    540571.90    3944306.82    
1249    133511.0    540572.21    3944307.81    
1250    133511.5    540572.56    3944308.81    
1251    133512.0    540572.91    3944309.81    
1252    133512.5    540573.15    3944310.85    
1253    133513.0    540573.39    3944311.88    
1254    133513.5    540573.64    3944312.94    
1255    133514.0    540573.89    3944314.00    
1256    133514.5    540574.20    3944315.05    
1257    133515.0    540574.51    3944316.10    
1258    133515.5    540574.79    3944317.13    
1259    133516.0    540575.07    3944318.15    
1260    133516.5    540575.37    3944319.15    
1261    133517.0    540575.68    3944320.16    
1262    133517.5    540575.94    3944321.22    
1263    133518.0    540576.20    3944322.27    
1264    133518.5    540576.41    3944323.35    
1265    133519.0    540576.63    3944324.42    
1266    133519.5    540576.83    3944325.49    
1267    133520.0    540577.03    3944326.56    
1268    133520.5    540577.28    3944327.63    
1269    133521.0    540577.52    3944328.69    
1270    133521.5    540577.78    3944329.69    
1271    133522.0    540578.04    3944330.70    
1272    133522.5    540578.23    3944331.78    
1273    133523.0    540578.43    3944332.85    
1274    133523.5    540578.68    3944333.92    
1275    133524.0    540578.92    3944334.98    
1276    133524.5    540579.11    3944336.04    
1277    133525.0    540579.31    3944337.09    
1278    133525.5    540579.59    3944338.13    
1279    133526.0    540579.87    3944339.17    
1280    133526.5    540580.14    3944340.21    
1281    133527.0    540580.42    3944341.25    
1282    133527.5    540580.73    3944342.28    
1283    133528.0    540581.03    3944343.30    
1284    133528.5    540581.21    3944344.35    
1285    133529.0    540581.38    3944345.41    
1286    133529.5    540581.66    3944346.43    
1287    133530.0    540581.94    3944347.44    
1288    133530.5    540582.15    3944348.49    
1289    133531.0    540582.36    3944349.54    
1290    133531.5    540582.55    3944350.61    
1291    133532.0    540582.74    3944351.67    
1292    133532.5    540582.99    3944352.73    
1293    133533.0    540583.23    3944353.78    
1294    133533.5    540583.57    3944354.77    
1295    133534.0    540583.91    3944355.77    
1296    133534.5    540584.21    3944356.75    
1297    133535.0    540584.51    3944357.73    
1298    133535.5    540584.75    3944358.77    
1299    133536.0    540584.98    3944359.80    
1300    133536.5    540585.21    3944360.86    
1301    133537.0    540585.44    3944361.92    
1302    133537.5    540585.65    3944363.02    
1303    133538.0    540585.86    3944364.12    
1304    133538.5    540586.20    3944365.18    
1305    133539.0    540586.54    3944366.23    
1306    133539.5    540586.85    3944367.23    
1307    133540.0    540587.16    3944368.24    
1308    133540.5    540587.53    3944369.27    
1309    133541.0    540587.90    3944370.29    
1310    133541.5    540588.14    3944371.34    
1311    133542.0    540588.38    3944372.39    
1312    133542.5    540588.75    3944373.37    
1313    133543.0    540589.12    3944374.35    
1314    133543.5    540589.37    3944375.41    
1315    133544.0    540589.61    3944376.47    
1316    133544.5    540590.02    3944377.46    
1317    133545.0    540590.43    3944378.44    
1318    133545.5    540590.67    3944379.50    
1319    133546.0    540590.90    3944380.55    
1320    133546.5    540591.15    3944381.64    
1321    133547.0    540591.41    3944382.73    
1322    133547.5    540591.75    3944383.76    
1323    133548.0    540592.09    3944384.79    
1324    133548.5    540592.48    3944385.78    
1325    133549.0    540592.88    3944386.76    
1326    133549.5    540593.20    3944387.77    
1327    133550.0    540593.52    3944388.79    
1328    133550.5    540593.89    3944389.78    
1329    133551.0    540594.25    3944390.76    
1330    133551.5    540594.52    3944391.79    
1331    133552.0    540594.80    3944392.83    
1332    133552.5    540595.11    3944393.86    
1333    133553.0    540595.42    3944394.88    
1334    133553.5    540595.69    3944395.93    
1335    133554.0    540595.95    3944396.98    
1336    133554.5    540596.25    3944397.99    
1337    133555.0    540596.56    3944399.00    
1338    133555.5    540596.90    3944400.05    
1339    133556.0    540597.24    3944401.10    
1340    133556.5    540597.61    3944402.13    
1341    133557.0    540597.99    3944403.16    
1342    133557.5    540598.35    3944404.16    
1343    133558.0    540598.70    3944405.15    
1344    133558.5    540598.96    3944406.17    
1345    133559.0    540599.22    3944407.19    
1346    133559.5    540599.56    3944408.22    
1347    133600.0    540599.91    3944409.25    
1348    133600.5    540600.17    3944410.30    
1349    133601.0    540600.43    3944411.34    
1350    133601.5    540600.80    3944412.31    
1351    133602.0    540601.18    3944413.29    
1352    133602.5    540601.50    3944414.30    
1353    133603.0    540601.82    3944415.30    
1354    133603.5    540602.22    3944416.30    
1355    133604.0    540602.63    3944417.31    
1356    133604.5    540602.89    3944418.38    
1357    133605.0    540603.15    3944419.44    
1358    133605.5    540603.53    3944420.46    
1359    133606.0    540603.92    3944421.49    
1360    133606.5    540604.23    3944422.51    
1361    133607.0    540604.53    3944423.53    
1362    133607.5    540604.90    3944424.53    
1363    133608.0    540605.26    3944425.53    
1364    133608.5    540605.59    3944426.53    
1365    133609.0    540605.92    3944427.54    
1366    133609.5    540606.23    3944428.57    
1367    133610.0    540606.53    3944429.59    
1368    133610.5    540606.87    3944430.65    
1369    133611.0    540607.20    3944431.72    
1370    133611.5    540607.52    3944432.77    
1371    133612.0    540607.84    3944433.82    
1372    133612.5    540608.13    3944434.85    
1373    133613.0    540608.42    3944435.89    
1374    133613.5    540608.64    3944436.92    
1375    133614.0    540608.86    3944437.95    
1376    133614.5    540609.22    3944438.97    
1377    133615.0    540609.57    3944439.98    
1378    133615.5    540609.90    3944441.06    
1379    133616.0    540610.24    3944442.13    
1380    133616.5    540610.60    3944443.14    
1381    133617.0    540610.95    3944444.16    
1382    133617.5    540611.27    3944445.16    
1383    133618.0    540611.60    3944446.16    
1384    133618.5    540611.91    3944447.20    
1385    133619.0    540612.21    3944448.24    
1386    133619.5    540612.52    3944449.32    
1387    133620.0    540612.82    3944450.39    
1388    133620.5    540613.07    3944451.47    
1389    133621.0    540613.33    3944452.55    
1390    133621.5    540613.65    3944453.63    
1391    133622.0    540613.98    3944454.72    
1392    133622.5    540614.29    3944455.79    
1393    133623.0    540614.59    3944456.86    
1394    133623.5    540614.96    3944457.87    
1395    133624.0    540615.32    3944458.89    
1396    133624.5    540615.56    3944459.92    
1397    133625.0    540615.80    3944460.95    
1398    133625.5    540616.08    3944461.99    
1399    133626.0    540616.36    3944463.03    
1400    133626.5    540616.60    3944464.10    
1401    133627.0    540616.84    3944465.18    
1402    133627.5    540617.18    3944466.25    
1403    133628.0    540617.52    3944467.31    
1404    133628.5    540617.79    3944468.37    
1405    133629.0    540618.06    3944469.43    
1406    133629.5    540618.35    3944470.49    
1407    133630.0    540618.63    3944471.55    
1408    133630.5    540618.89    3944472.59    
1409    133631.0    540619.16    3944473.63    
1410    133631.5    540619.46    3944474.63    
1411    133632.0    540619.75    3944475.64    
1412    133632.5    540620.00    3944476.69    
1413    133633.0    540620.25    3944477.74    
1414    133633.5    540620.50    3944478.82    
1415    133634.0    540620.74    3944479.90    
1416    133634.5    540621.07    3944480.91    
1417    133635.0    540621.41    3944481.93    
1418    133635.5    540621.73    3944482.92    
1419    133636.0    540622.06    3944483.90    
1420    133636.5    540622.38    3944484.88    
1421    133637.0    540622.70    3944485.86    
1422    133637.5    540622.90    3944486.89    
1423    133638.0    540623.11    3944487.92    
1424    133638.5    540623.41    3944488.95    
1425    133639.0    540623.71    3944489.98    
1426    133639.5    540624.05    3944491.03    
1427    133640.0    540624.40    3944492.08    
1428    133640.5    540624.69    3944493.15    
1429    133641.0    540624.97    3944494.21    
1430    133641.5    540625.32    3944495.18    
1431    133642.0    540625.68    3944496.16    
1432    133642.5    540625.95    3944497.18    
1433    133643.0    540626.22    3944498.19    
1434    133643.5    540626.55    3944499.27    
1435    133644.0    540626.89    3944500.35    
1436    133644.5    540627.14    3944501.45    
1437    133645.0    540627.39    3944502.55    
1438    133645.5    540627.76    3944503.58    
1439    133646.0    540628.12    3944504.62    
1440    133646.5    540628.43    3944505.64    
1441    133647.0    540628.75    3944506.65    
1442    133647.5    540629.01    3944507.68    
1443    133648.0    540629.27    3944508.72    
1444    133648.5    540629.57    3944509.71    
1445    133649.0    540629.87    3944510.69    
1446    133649.5    540630.19    3944511.75    
1447    133650.0    540630.51    3944512.80    
1448    133650.5    540630.78    3944513.92    
1449    133651.0    540631.05    3944515.03    
1450    133651.5    540631.40    3944516.12    
1451    133652.0    540631.75    3944517.22    
1452    133652.5    540632.06    3944518.26    
1453    133653.0    540632.36    3944519.30    
1454    133653.5    540632.63    3944520.34    
1455    133654.0    540632.90    3944521.38    
1456    133654.5    540633.18    3944522.47    
1457    133655.0    540633.46    3944523.56    
1458    133655.5    540633.80    3944524.59    
1459    133656.0    540634.15    3944525.61    
1460    133656.5    540634.41    3944526.64    
1461    133657.0    540634.68    3944527.67    
1462    133657.5    540634.97    3944528.73    
1463    133658.0    540635.25    3944529.78    
1464    133658.5    540635.57    3944530.81    
1465    133659.0    540635.90    3944531.85    
1466    133659.5    540636.20    3944532.87    
1467    133700.0    540636.50    3944533.88    
1468    133700.5    540636.75    3944534.91    
1469    133701.0    540637.00    3944535.95    
1470    133701.5    540637.32    3944537.00    
1471    133702.0    540637.64    3944538.05    
1472    133702.5    540637.90    3944539.12    
1473    133703.0    540638.17    3944540.19    
1474    133703.5    540638.51    3944541.17    
1475    133704.0    540638.85    3944542.16    
1476    133704.5    540639.11    3944543.19    
1477    133705.0    540639.37    3944544.21    
1478    133705.5    540639.68    3944545.27    
1479    133706.0    540639.98    3944546.32    
1480    133706.5    540640.35    3944547.31    
1481    133707.0    540640.72    3944548.31    
1482    133707.5    540641.03    3944549.29    
1483    133708.0    540641.34    3944550.27    
1484    133708.5    540641.71    3944551.27    
1485    133709.0    540642.09    3944552.26    
1486    133709.5    540642.40    3944553.35    
1487    133710.0    540642.70    3944554.44    
1488    133710.5    540643.03    3944555.43    
1489    133711.0    540643.36    3944556.43    
1490    133711.5    540643.70    3944557.44    
1491    133712.0    540644.05    3944558.44    
1492    133712.0    540644.05    3944558.44    
